      43.1926
      48.1723
      52.1772
      48.8349
      40.8331
      34.7449
      38.2519
       40.061
      37.8743
      41.2838
       43.121
      45.5064
      44.2686
      42.8774
      45.0572
      42.5063
      42.6422
      42.6553
      49.4785
       48.199
      45.8666
      54.0999
      48.3864
      44.5473
      37.9061
      42.8237
       49.779
      33.4011
      29.8674
      33.7963
      31.5603
      30.7345
      30.9555
      39.4284
      37.7388
      42.7616
      36.8991
      35.2303
      40.8397
      43.5129
      44.4531
      43.3172
      43.3975
      44.3694
      36.7625
      45.5166
      41.6936
       45.757
      46.3395
      38.5317
      27.9926
      33.1422
      32.2546
      40.8087
      34.2657
      32.8755
      24.3478
      27.8144
       29.245
      29.3283
      33.6674
      22.0493
      42.5527
      32.4259
      32.3602
      29.9635
      30.8915
      31.5048
      27.6328
      26.5565
       22.843
      33.0428
      35.4501
      36.8059
      26.4188
      26.5148
      34.9326
       39.599
      42.9245
       40.359
      32.5476
      37.1792
      36.3954
       40.702
      29.1479
      49.7871
      59.4887
      63.7288
      66.7907
      48.7023
      39.6472
      30.6592
      32.3872
      70.7488
      80.9424
      55.1204
      68.0734
      60.4939
      47.4948
      29.2691
      38.1131
      47.2001
      35.9122
      41.5106
      36.5521
      38.4561
      65.4436
      69.8028
      69.4401
      68.0383
      77.0117
       80.873
      115.473
      121.895
      107.861
      115.294
      117.144
      108.932
      96.2166
      80.5242
      58.0127
      83.3092
      80.2276
       69.542
      59.4284
      70.3646
      64.6708
      73.8176
      81.1685
      72.6017
      79.6666
      77.8871
      87.2133
      63.4878
      59.2078
      75.8593
      78.8835
      76.1029
      69.7897
       72.067
      72.7379
      69.6681
      81.1327
      88.4686
      72.1769
      59.5051
      60.5559
       135.24
      106.823
      109.254
      112.669
      113.056
      103.124
      102.005
       90.018
      74.3629
      83.1079
      85.5277
      99.4366
      90.6948
      71.7174
      92.8987
      96.3513
      89.2397
      70.7473
      104.099
      99.5308
      83.5882
      82.8935
      101.211
      92.8523
       119.29
      112.924
      102.583
      96.5789
      111.874
      110.579
      84.3078
      107.321
      120.723
      100.246
      109.891
      129.333
      110.976
      107.507
      91.8837
       102.92
      75.7684
        89.19
      108.126
      125.167
      113.279
      99.3335
      112.463
       105.81
      101.657
      101.311
       100.52
      98.7437
      96.4087
      96.7297
       70.644
      89.4723
      103.605
      66.6201
      87.0906
      85.7172
       101.57
      116.877
      82.8515
      88.9259
      117.746
      118.292
      116.656
      98.9077
      111.658
      110.373
      102.634
      76.7801
       95.172
      101.409
      125.424
       131.87
      102.124
      79.1432
      124.217
      80.6962
      111.068
      98.6082
       95.138
       108.43
       125.27
      74.7289
      94.8681
      98.3003
      122.975
      74.8925
      68.5468
      114.932
      122.304
      97.4321
      106.465
      113.577
      124.019
      113.208
      125.851
      110.492
      126.277
      91.0184
      118.686
      141.804
      112.488
      82.0283
      82.6393
      94.9294
      108.266
      107.739
      94.7227
      129.647
      135.551
      145.155
      161.819
       129.06
      117.316
      148.449
      104.077
      84.3016
      72.0045
      130.152
      135.825
      128.175
      141.549
      143.244
      128.469
      128.128
      126.623
      104.676
      112.471
        133.5
       111.35
      111.616
      102.583
      101.902
      128.553
      137.708
      140.354
      128.685
      112.387
      113.149
      106.445
      112.116
      100.155
      100.312
      96.9971
      88.1892
      83.5313
      79.7441
      84.8114
      78.8861
      71.8818
      75.4747
      72.8526
      65.3447
      66.4707
      75.3217
       72.781
       74.589
      95.6501
      98.4676
      85.7958
      81.5553
      81.1933
      70.4756
       64.147
      70.4197
      67.2881
      66.1237
      71.0786
      63.7522
      51.6487
       55.688
      70.1535
      61.4179
      40.4335
      53.4136
      57.6095
      51.2309
      45.3022
      48.8955
      39.8247
      39.5376
      45.5776
      55.1321
      52.6963
      54.1963
      58.8196
      52.0837
      45.3815
      53.8756
      48.6234
      50.2582
      48.0916
      56.9185
      52.8719
      42.9446
      46.1551
      48.5493
       41.751
      28.8093
      36.1795
      37.8429
      40.4847
      43.3825
      41.0994
      37.1694
      42.3292
      37.6884
      47.6847
       43.037
      41.1129
      42.3365
      41.2612
      49.6534
      50.6038
      35.8709
