      49.7418
      43.2007
      36.9763
       43.081
      45.7747
      48.3914
      45.2889
      45.1515
      48.1193
      42.3724
       42.134
      41.8237
      38.9683
      42.4945
      37.5086
      39.2868
      39.6053
      40.0256
      38.1594
      38.7493
      41.3117
      35.1719
      36.2304
       40.644
       44.187
      34.3031
      30.8578
      60.5853
      51.2843
      53.7299
      61.9459
      66.6926
      62.2064
      53.0599
      46.9189
      43.5114
      51.8592
      52.7331
      45.4371
      39.5121
      40.2274
      35.6079
      42.7703
      38.9163
      44.0706
      44.2824
      46.4687
      47.4631
      54.7768
      68.3945
      66.0077
      66.9479
      56.9428
      45.3581
      60.9241
      58.6447
      69.7925
      78.4221
      69.3183
      76.9792
      68.8931
      64.4776
      66.0934
      87.5851
       74.537
      84.4002
      84.9789
      79.0415
      91.5218
      82.9394
      84.6345
      85.8439
      77.6252
      70.8023
      73.5298
      90.3365
       78.936
      69.7468
      69.4047
      74.8944
       96.041
       82.668
      88.8315
      85.6949
       86.765
      85.0362
      49.6059
      72.7479
      70.1866
      87.7625
      90.7501
      99.5578
      95.4665
      36.0761
      66.5276
      57.5076
      66.8798
      82.2193
      93.7885
      89.5875
      86.3589
      90.4783
       109.71
      88.4759
      88.9797
      97.4075
      90.2571
      76.0528
      89.9472
      74.5171
       69.968
      53.4061
      48.8038
      48.0287
      54.4478
      50.8961
      50.6218
      44.9913
      57.9818
      70.3371
      45.4255
       73.337
      64.7867
      74.7365
      87.8613
      82.2657
      84.8969
      71.3304
      73.2169
      80.9302
      66.4265
      76.9919
      73.2801
      33.2072
       69.648
      81.6754
      72.0453
      73.3007
      75.5854
      88.3067
      72.3863
      89.8521
      73.0593
      70.2663
        74.93
      72.8852
      76.6622
      45.9248
      30.7639
      49.2433
      50.3141
      61.0341
      58.9718
      67.6665
      72.8613
       31.146
      50.0835
      58.3999
      66.2375
      57.0644
      43.5324
      51.0967
      65.1461
       74.318
      72.9455
      62.0103
      67.0591
      72.2426
      64.1362
      64.9862
      34.3286
      47.6611
      53.5566
       45.442
      38.7849
      44.5317
      37.0613
      24.4006
      35.4623
      42.6547
      26.1403
      25.4186
       37.165
      29.9094
      29.1496
      31.6513
      38.7957
      22.8791
      33.2158
       31.021
      35.5447
      28.7169
      21.9175
      31.5645
      43.0727
      42.3425
      41.4652
      43.2258
      52.1122
      53.8354
      40.7727
      26.9547
      29.8869
      44.4831
      20.7426
      32.4807
      18.3966
      33.9206
      47.5365
      32.3988
      19.0419
      35.7101
      34.5898
      30.4951
      33.5628
      35.4316
      33.5276
      35.0532
      9.94403
      10.8038
      19.3641
      30.7246
      26.8364
      17.2517
       13.237
      27.4469
      8.40383
      19.5532
      17.9534
      18.9483
      15.2717
      22.7226
      9.12771
       16.015
      22.1983
      21.7719
      8.39597
      14.9793
        23.07
       18.918
      18.3663
       23.783
      16.2605
      17.6387
      19.2257
      23.7433
       23.037
      29.0856
      19.0636
      29.3977
        26.47
      25.1121
      7.86411
      16.1565
      20.5839
      17.3763
      19.6318
      12.7609
      23.5311
       28.937
      24.2845
       19.348
      22.0624
      29.8585
      32.8067
       13.493
      20.0278
      8.24326
      28.2543
      27.5753
      22.0706
      30.7508
      30.0246
      35.4211
      37.6261
      29.1814
      25.8408
      30.7661
      36.3655
      36.8674
      40.3618
      33.1679
      22.8106
      31.3216
      28.4803
      28.6997
      36.6544
      38.6202
      51.1173
      41.4663
      43.3168
      50.9744
      45.9896
      50.7311
      51.2135
       53.859
      50.5001
      53.3077
      54.3688
      49.2272
      59.4512
      53.5281
      64.8013
       60.716
       59.388
       61.103
      57.1816
       36.437
      35.0813
       41.281
      43.4811
      45.7777
      52.6845
      53.2553
      46.2654
      55.6028
      54.3306
      55.0358
      48.9932
      56.2485
      55.6114
      48.9266
      47.6731
      37.8031
      53.5962
      49.9656
      56.8653
       58.797
      56.9955
      67.3922
      71.9072
      52.1455
      41.0602
      46.6839
      48.4775
      43.7517
      44.9539
      44.8424
      44.5807
      47.9273
      47.3995
      50.4208
      40.5639
      47.4927
      44.3446
      35.7337
        47.87
      58.6192
      30.2941
       55.815
      53.3773
      50.2261
      47.0118
      44.8525
      39.5327
      41.5191
      46.8066
      39.7277
      41.1586
      39.8265
      41.4734
       45.366
      41.0549
      43.9025
      52.1432
