      124.355
      108.002
      92.4408
      107.702
      114.437
      120.978
      113.222
      112.879
      120.298
      105.931
      105.335
      104.559
      97.4207
      106.236
      93.7714
       98.217
      99.0133
      100.064
      95.3986
      96.8733
      103.279
      87.9297
      90.5759
       101.61
      110.467
      85.7579
      77.1445
      151.463
      128.211
      134.325
      154.865
      166.732
      155.516
       132.65
      117.297
      108.779
      129.648
      131.833
      113.593
      98.7803
      100.568
      89.0198
      106.926
      97.2906
      110.176
      110.706
      116.172
      118.658
      136.942
      170.986
      165.019
       167.37
      142.357
      113.395
       152.31
      146.612
      174.481
      196.055
      173.296
      192.448
      172.233
      161.194
      165.233
      218.963
      186.342
      211.001
      212.447
      197.604
      228.805
      207.348
      211.586
       214.61
      194.063
      177.006
      183.824
      225.841
       197.34
      174.367
      173.512
      187.236
      240.103
       206.67
      222.079
      214.237
      216.913
       212.59
      124.015
       181.87
      175.467
      219.406
      226.875
      248.895
      238.666
      90.1904
      166.319
      143.769
      167.199
      205.548
      234.471
      223.969
      215.897
      226.196
      274.275
       221.19
      222.449
      243.519
      225.643
      190.132
      224.868
      186.293
       174.92
      133.515
       122.01
      120.072
      136.119
       127.24
      126.554
      112.478
      144.954
      175.843
      113.564
      183.343
      161.967
      186.841
      219.653
      205.664
      212.242
      178.326
      183.042
      202.326
      166.066
       192.48
        183.2
      83.0181
       174.12
      204.189
      180.113
      183.252
      188.963
      220.767
      180.966
       224.63
      182.648
      175.666
      187.325
      182.213
      191.655
      114.812
      76.9097
      123.108
      125.785
      152.585
      147.429
      169.166
      182.153
       77.865
      125.209
          146
      165.594
      142.661
      108.831
      127.742
      162.865
      185.795
      182.364
      155.026
      167.648
      180.606
      160.341
      162.466
      85.8215
      119.153
      133.891
      113.605
      96.9622
      111.329
      92.6532
      61.0014
      88.6558
      106.637
      65.3507
      63.5466
      92.9124
      74.7734
      72.8739
      79.1283
      96.9893
      57.1977
      83.0396
      77.5525
      88.8616
      71.7922
      54.7939
      78.9112
      107.682
      105.856
      103.663
      108.065
       130.28
      134.589
      101.932
      67.3868
      74.7173
      111.208
      51.8566
      81.2018
      45.9915
      84.8015
      118.841
      80.9969
      47.6047
      89.2752
      86.4746
      76.2378
       83.907
      88.5791
       83.819
       87.633
      24.8601
      27.0094
      48.4103
      76.8114
      67.0911
      43.1291
      33.0926
      68.6173
      21.0096
      48.8829
      44.8836
      47.3708
      38.1792
      56.8066
      22.8193
      40.0375
      55.4956
      54.4299
      20.9899
      37.4484
      57.6749
       47.295
      45.9157
      59.4575
      40.6513
      44.0967
      48.0641
      59.3583
      57.5926
      72.7139
       47.659
      73.4943
       66.175
      62.7802
      19.6603
      40.3912
      51.4599
      43.4407
      49.0794
      31.9023
      58.8278
      72.3424
      60.7114
      48.3701
       55.156
      74.6461
      82.0168
      33.7326
      50.0694
      20.6082
      70.6356
      68.9382
      55.1766
      76.8769
      75.0616
      88.5529
      94.0652
      72.9534
      64.6021
      76.9153
      90.9137
      92.1685
      100.904
      82.9198
      57.0265
      78.3039
      71.2008
      71.7491
      91.6361
      96.5505
      127.793
      103.666
      108.292
      127.436
      114.974
      126.828
      128.034
      134.647
       126.25
      133.269
      135.922
      123.068
      148.628
       133.82
      162.003
       151.79
       148.47
      152.757
      142.954
      91.0924
      87.7032
      103.203
      108.703
      114.444
      131.711
      133.138
      115.664
      139.007
      135.827
      137.589
      122.483
      140.621
      139.029
      122.317
      119.183
      94.5078
      133.991
      124.914
      142.163
      146.992
      142.489
       168.48
      179.768
      130.364
       102.65
       116.71
      121.194
      109.379
      112.385
      112.106
      111.452
      119.818
      118.499
      126.052
       101.41
      118.732
      110.861
      89.3342
      119.675
      146.548
      75.7353
      139.538
      133.443
      125.565
      117.529
      112.131
      98.8318
      103.798
      117.017
      99.3193
      102.897
      99.5663
      103.683
      113.415
      102.637
      109.756
      130.358
